C1 
360
        5.500000        0.000000
        5.499924        0.008726
        5.499695        0.017450
        5.499315        0.026168
        5.498782        0.034878
        5.498097        0.043578
        5.497261        0.052264
        5.496273        0.060935
        5.495134        0.069587
        5.493844        0.078217
        5.492404        0.086824
        5.490814        0.095404
        5.489074        0.103956
        5.487185        0.112476
        5.485148        0.120961
        5.482963        0.129410
        5.480631        0.137819
        5.478152        0.146186
        5.475528        0.154508
        5.472759        0.162784
        5.469846        0.171010
        5.466790        0.179184
        5.463592        0.187303
        5.460252        0.195366
        5.456773        0.203368
        5.453154        0.211309
        5.449397        0.219186
        5.445503        0.226995
        5.441474        0.234736
        5.437310        0.242405
        5.433013        0.250000
        5.428584        0.257519
        5.424024        0.264960
        5.419335        0.272320
        5.414519        0.279596
        5.409576        0.286788
        5.404509        0.293893
        5.399318        0.300908
        5.394005        0.307831
        5.388573        0.314660
        5.383022        0.321394
        5.377355        0.328030
        5.371572        0.334565
        5.365677        0.340999
        5.359670        0.347329
        5.353553        0.353553
        5.347329        0.359670
        5.340999        0.365677
        5.334565        0.371572
        5.328030        0.377355
        5.321394        0.383022
        5.314660        0.388573
        5.307831        0.394005
        5.300908        0.399318
        5.293893        0.404508
        5.286788        0.409576
        5.279596        0.414519
        5.272320        0.419335
        5.264960        0.424024
        5.257519        0.428584
        5.250000        0.433013
        5.242405        0.437310
        5.234736        0.441474
        5.226995        0.445503
        5.219186        0.449397
        5.211309        0.453154
        5.203368        0.456773
        5.195366        0.460252
        5.187303        0.463592
        5.179184        0.466790
        5.171010        0.469846
        5.162784        0.472759
        5.154509        0.475528
        5.146186        0.478152
        5.137819        0.480631
        5.129410        0.482963
        5.120961        0.485148
        5.112476        0.487185
        5.103956        0.489074
        5.095405        0.490814
        5.086824        0.492404
        5.078217        0.493844
        5.069587        0.495134
        5.060935        0.496273
        5.052264        0.497261
        5.043578        0.498097
        5.034878        0.498782
        5.026168        0.499315
        5.017450        0.499695
        5.008726        0.499924
        5.000000        0.500000
        4.991274        0.499924
        4.982550        0.499695
        4.973832        0.499315
        4.965122        0.498782
        4.956422        0.498097
        4.947736        0.497261
        4.939065        0.496273
        4.930413        0.495134
        4.921783        0.493844
        4.913176        0.492404
        4.904596        0.490814
        4.896044        0.489074
        4.887524        0.487185
        4.879039        0.485148
        4.870590        0.482963
        4.862181        0.480631
        4.853814        0.478152
        4.845492        0.475528
        4.837216        0.472759
        4.828990        0.469846
        4.820816        0.466790
        4.812697        0.463592
        4.804634        0.460252
        4.796632        0.456773
        4.788691        0.453154
        4.780814        0.449397
        4.773005        0.445503
        4.765264        0.441474
        4.757595        0.437310
        4.750000        0.433013
        4.742481        0.428584
        4.735040        0.424024
        4.727680        0.419335
        4.720404        0.414519
        4.713212        0.409576
        4.706107        0.404509
        4.699093        0.399318
        4.692169        0.394005
        4.685340        0.388573
        4.678606        0.383022
        4.671971        0.377355
        4.665435        0.371572
        4.659001        0.365677
        4.652671        0.359670
        4.646447        0.353553
        4.640330        0.347329
        4.634323        0.340999
        4.628428        0.334565
        4.622645        0.328030
        4.616978        0.321394
        4.611427        0.314660
        4.605995        0.307831
        4.600682        0.300908
        4.595492        0.293893
        4.590424        0.286788
        4.585481        0.279596
        4.580665        0.272320
        4.575976        0.264960
        4.571416        0.257519
        4.566987        0.250000
        4.562690        0.242405
        4.558526        0.234736
        4.554497        0.226995
        4.550603        0.219186
        4.546846        0.211309
        4.543227        0.203368
        4.539748        0.195366
        4.536408        0.187303
        4.533210        0.179184
        4.530154        0.171010
        4.527241        0.162784
        4.524472        0.154509
        4.521848        0.146186
        4.519369        0.137819
        4.517037        0.129410
        4.514852        0.120961
        4.512815        0.112476
        4.510926        0.103956
        4.509186        0.095405
        4.507596        0.086824
        4.506156        0.078217
        4.504866        0.069587
        4.503727        0.060935
        4.502739        0.052264
        4.501903        0.043578
        4.501218        0.034878
        4.500685        0.026168
        4.500305        0.017450
        4.500076        0.008726
        4.500000        0.000000
        4.500076       -0.008726
        4.500305       -0.017450
        4.500685       -0.026168
        4.501218       -0.034878
        4.501903       -0.043578
        4.502739       -0.052264
        4.503727       -0.060935
        4.504866       -0.069587
        4.506156       -0.078217
        4.507596       -0.086824
        4.509186       -0.095404
        4.510926       -0.103956
        4.512815       -0.112475
        4.514852       -0.120961
        4.517037       -0.129409
        4.519369       -0.137819
        4.521848       -0.146186
        4.524472       -0.154508
        4.527241       -0.162784
        4.530154       -0.171010
        4.533210       -0.179184
        4.536408       -0.187303
        4.539748       -0.195366
        4.543227       -0.203368
        4.546846       -0.211309
        4.550603       -0.219186
        4.554497       -0.226995
        4.558526       -0.234736
        4.562690       -0.242405
        4.566987       -0.250000
        4.571416       -0.257519
        4.575976       -0.264960
        4.580665       -0.272319
        4.585481       -0.279596
        4.590424       -0.286788
        4.595491       -0.293893
        4.600682       -0.300907
        4.605995       -0.307831
        4.611427       -0.314660
        4.616978       -0.321394
        4.622645       -0.328029
        4.628428       -0.334565
        4.634323       -0.340999
        4.640330       -0.347329
        4.646447       -0.353553
        4.652671       -0.359670
        4.659001       -0.365677
        4.665435       -0.371572
        4.671970       -0.377355
        4.678606       -0.383022
        4.685340       -0.388573
        4.692169       -0.394005
        4.699092       -0.399318
        4.706107       -0.404508
        4.713212       -0.409576
        4.720404       -0.414519
        4.727680       -0.419335
        4.735040       -0.424024
        4.742481       -0.428584
        4.750000       -0.433013
        4.757595       -0.437310
        4.765264       -0.441474
        4.773005       -0.445503
        4.780814       -0.449397
        4.788691       -0.453154
        4.796632       -0.456773
        4.804634       -0.460252
        4.812697       -0.463592
        4.820816       -0.466790
        4.828990       -0.469846
        4.837216       -0.472759
        4.845491       -0.475528
        4.853814       -0.478152
        4.862181       -0.480631
        4.870590       -0.482963
        4.879039       -0.485148
        4.887524       -0.487185
        4.896044       -0.489074
        4.904595       -0.490814
        4.913176       -0.492404
        4.921783       -0.493844
        4.930413       -0.495134
        4.939065       -0.496273
        4.947736       -0.497261
        4.956422       -0.498097
        4.965122       -0.498782
        4.973832       -0.499315
        4.982550       -0.499695
        4.991274       -0.499924
        5.000000       -0.500000
        5.008726       -0.499924
        5.017450       -0.499695
        5.026168       -0.499315
        5.034878       -0.498782
        5.043578       -0.498097
        5.052264       -0.497261
        5.060935       -0.496273
        5.069587       -0.495134
        5.078217       -0.493844
        5.086824       -0.492404
        5.095404       -0.490814
        5.103956       -0.489074
        5.112475       -0.487185
        5.120961       -0.485148
        5.129409       -0.482963
        5.137819       -0.480631
        5.146186       -0.478152
        5.154508       -0.475528
        5.162784       -0.472759
        5.171010       -0.469846
        5.179184       -0.466790
        5.187303       -0.463592
        5.195366       -0.460252
        5.203368       -0.456773
        5.211309       -0.453154
        5.219186       -0.449397
        5.226995       -0.445503
        5.234736       -0.441474
        5.242405       -0.437310
        5.250000       -0.433013
        5.257519       -0.428584
        5.264960       -0.424024
        5.272319       -0.419335
        5.279596       -0.414519
        5.286788       -0.409576
        5.293893       -0.404509
        5.300907       -0.399318
        5.307831       -0.394005
        5.314660       -0.388573
        5.321394       -0.383022
        5.328029       -0.377355
        5.334565       -0.371572
        5.340999       -0.365677
        5.347329       -0.359670
        5.353553       -0.353553
        5.359670       -0.347329
        5.365677       -0.340999
        5.371572       -0.334565
        5.377355       -0.328030
        5.383022       -0.321394
        5.388573       -0.314660
        5.394005       -0.307831
        5.399318       -0.300908
        5.404508       -0.293893
        5.409576       -0.286788
        5.414519       -0.279596
        5.419335       -0.272320
        5.424024       -0.264960
        5.428584       -0.257519
        5.433013       -0.250000
        5.437310       -0.242405
        5.441474       -0.234736
        5.445503       -0.226995
        5.449397       -0.219186
        5.453154       -0.211309
        5.456773       -0.203368
        5.460252       -0.195366
        5.463592       -0.187303
        5.466790       -0.179184
        5.469846       -0.171010
        5.472759       -0.162784
        5.475528       -0.154509
        5.478152       -0.146186
        5.480631       -0.137819
        5.482963       -0.129410
        5.485148       -0.120961
        5.487185       -0.112476
        5.489074       -0.103956
        5.490814       -0.095405
        5.492404       -0.086824
        5.493844       -0.078217
        5.495134       -0.069587
        5.496273       -0.060935
        5.497261       -0.052264
        5.498097       -0.043578
        5.498782       -0.034878
        5.499315       -0.026168
        5.499695       -0.017450
        5.499924       -0.008726
